972842968922116096
972842984013291520
972843000974934017
972843005597102081
972843035393449984
972843046311288832
972843052434935808
972843099000070145
972843101399240705
972843107137056768
972843144881549314
972843201269813248
972843249470791681
972843269116907520
972843274720432128
972843277715103744
972843280227475456
972843291267010560
972843303627616257
972843335818842113
972843342026461184
972843349416861696
972843351795027973
972843353980076034
972843354303033344
972843361177567232
972843380333056000
972843405096210434
972843411828027392
972843417087684608
972843436448641024
972843448717004805
972843478030761989
972843494942433282
972843497437896704
972843528576385024
972843531516641280
972843615394390017
972843618351374337
972843622612848640
972843638509117441
972843707413254146
972843714673561600
972843737717133312
972843816792264705
972843836253855744
972843842792820736
972843889060204545
972843922333536261
972844056303800325
972844059524935680
972844091703812096
972844095185014786
972844124578619393
972844147861348358
972844185488326658
972844223836893185
972844354879524864
972844364438241280
972844372848005120
972844375981125634
972844383270834177
972844387796471808
972844395555840001
972844415705378816
972844451595997184
972844482176737281
972844559293181953
972844580868706307
972844580872835072
973178106583363584
973178115018014720
973178124681842688
973178135649890306
973178159800770560
973178171553009664
973178182881959937
973178189995499520
973178249621602304
973178252373168129
973178255095156736
973178271775862785
973178273059557377
973178278084268032
973178278906249216
973178284627365888
973178297680060416
973178297705287681
973178298950979585
973178307951955971
973178311940730882
973178320195026945
973185338003767297
973185338213531648
973185396443054080
973185400813604864
973185407289524226
973185408451391488
973185416940736513
973185432719675392
973185436192526342
973185448804782081
973185473400180736
973185536549584900
973185543335968768
973185550223073282
973185554060779520
973185607798321152
973185608335097857
973185622729994241
973189751237894146
973189795227881473
973189826307657731
973189838601154560
973189855076405248
973189862462558208
973189903453474816
973189967789875200
973189996382425088
973190003013627904
973190044243693571
973190048102453249
973190066871918593
973243262000619520
973243262579499009
973243299850018816
973248597805453313
973248639031300097
973248672870883328
973248806908133376
973248898394292225
973248975515078656
973248980359446529
973254950682873857
973254957515333632
973254999949094913
973255013517709312
973255023328223232
973471796916875264
973471802977669120
973471818622423041
973471823986749441
973471826000019456
973471851866476544
973471854831722496
973471865741172736
973472012965466112
973472066690277377
973472071002087424
973472103293886465
973472112139583488
973472188279001088
973483202621865986
973483419341647872
973483444843016192
973483448848584704
973483484911091719
973488360131125248
973488430775783424
973488453148205056
973488458915307520
973488523226464262
973488576418770944
973494932244754432
973495138436681728
973500878840909824
973507065225338880
973507101933916160
973579884055408641
973579943199195136
973579949855662081
973580003832205312
973580123285872640
945553784029065218
945552794731163648
945551781513367558
942352711680516096
942353472145494016
944906831977177088
944917385848508416
944917996010479617
945021097249980416
945022187936694274
945022291829837825
945003595501469696
945004160616984576
942200969328283648
942204045405671424
942204542682353664
942205207882104832
942206108919304194
937326121129037824
974146936671367168
974146946796544003
974147092774977536
974147145120051200
974147459222986752
974155033238495232
974155291922255872
974160656629948416
974166321817583616
974166442907115520
959162232113426433
964847322466340864
964850721060507648
964853959298109445
964854470759792640
964860347260850176
974496447402934272
974508101255675904
974508879479431169
931971484238610435
931967689865814016
931966263768895490
931966256722231296
931965260143226880
931961027620757507
974736869194981376
974737128323248130
988299000305606656
988299028889653254
988300076266110977
988302731860496385
988315015504637952
988315292878204928
988492704584740864
988493267619770369