931980622645432320
931980525165723648
931980465682243585
931980368021999616
972842715187695621
972842790425124864
972843286506373120
972843348645081088
972843354835836929
972843407780515842
972843439317544960
972843790171082758
972844258720968705
972844363511287808
972844386743672833
973185349454188545
973185403963494400
973472036034109440
973472231257931776
973483185517375488
973483324592349184
973488429957767168
973488486937513984
973494824530796544
973494997277278208
973500577194881024
973500946000080896
973507217683972096
973514549205839872
973579824655683585
973579924052283392
973580103950233600
973585798602870784
945554610650882048
945554459257704448
945554150288486400
945553954628362240
945553836634136576
945552745745956864
945552745657982976
945552693216587777
945552285547008000
939813569574576128
939814122861899776
942349605211197440
942349710735618048
942350103611715585
942350138273443841
942350562166755328
942350642856759297
942350660674056192
942351015667486730
942352328081924096
942353552646733824
942352779598815232
942352853678649344
942352917813641216
942353530828087296
942355112202207232
942355398962614273
942355494466936833
942355633432559616
944900946072612866
944900992142794753
944901326269431808
944901339645202432
944901609120772096
944901621640769536
944901649847369729
944901825567870976
944901832765247488
944901967087915009
944902204527390720
944902213683634176
944902775879675904
944904120552607744
944904847647686656
944904952098406406
944905099264057344
944905331142021120
944905969414361088
944906041808117761
944906585800957952
944906974138982401
944909863402065920
944910103127265281
944915790108573696
944916035634941952
944916503459237888
944916833798324225
944917161222574080
944917515435761664
944917645471703041
944917698919714818
944917850480930816
944917969070632960
944917976179924992
944918301380984832
944918307483787264
944918375582625792
944918490254839809
944918720542949378
944918761156567040
944918862352519168
945021107475660800
945021470723530753
945021548263440384
945021650701086720
945021819991584770
945022030986006528
945022144316047362
945022192546467840
942200519417843712
942201099456598017
942201297284997120
942201415111503872
942201448732995584
942201533759918080
942202008047620096
942202094232186880
942202298436112385
942203052055859200
942203618018521088
942203653473095680
942203739829452801
942203850982936576
942204004360245250
942204015944851456
942204046584307713
942204115706351618
942204314872815616
942204313459404801
942204473828667392
942204484385521665
942204539700068355
942204618993487872
942204828062584832
942205576381194241
942205588498391040
942205921383432192
942206070084329472
942206730901098496
937325144871022592
937325196494757888
937325333929480192
974146708774047744
974147979572535297
974153651626311680
974154023711358977
974154242838720512
974154308181807104
974154357217333248
974154847317569536
974160466007109632
974160742898319360
974160747721822208
974160827870859264
974165399087480832
974165415860539392
974165526246170624
974166081416855553
974166480521760769
974166843215810560
974166974270967808
959161614992920576
959161932262473729
959162051720556544
959162083035160576
959162203713736707
959162316397916162
959162442281574400
959162507121356800
959162621999038464
959162628923826176
959162703095967744
964847261497864193
964849489898037248
964849951263088646
964850593607987200
964851172954710016
964851844882354176
964852436442796033
964853969234399232
964855292558131200
964855630640156672
964856147713888256
964856624191074304
964856648471687169
964857060339933184
964857496044269569
964857976510140416
964860407130320896
964862091088748549
964862654031347712
964862849205129216
964862929710415872
964865767161212934
974496069064081408
974497197893894146
974497691416834049
974513944936116224
974515053721300992
931971281481695232
931968014907568129
931967887723687936
931967158208421893
931966380190191616
931965614759010304
931965364904308737
931959512705015808
931958211124572160
931957766368972801
931956525878403073
931956065511661569
931955417642496000
931954169065418752
931973708180226050
974735480905519105
974735603630829568
974735677781835776
974735849102258176
974736950904147968
974737009414692864
986101798321643521
986101919272730624
986101977518977025
986103724610408448
986104452682788864
986106375230185472
986303235941158913
986303275866771458
986303493840494592
986305004821733376
986326675687464960
986327364870262786
986327719158996992
986327848817496064
986327886457180160
986328148320145408
986328239131054081
986329607405260801