972842968255287297
972842991076421633
972843107912945665
972843199839469568
972843218575372288
972843280298848257
972843414516584448
972843449371242496
972843465389338625
972843534826041344
972843584952008704
972843689121808384
972843750782390272
972843790603112448
972843823222190082
972843980806410241
972844184498589696
972844191695953920
972844220523450369
972844240433831936
972844242237313024
972844247945826304
972844266073526272
973178086069100545
973178087146971136
973178100203712512
973178171418972160
973178215278628864
973178227383353344
973178227609845761
973178245561704448
973178311726718978
973178320060755973
973185423630532609
973185500554113024
973189741553340416
973189766144552961
973189767939715073
973189837095424000
973189912303362049
973189964845301762
973243288437362688
973248847744061442
973248951502520321
973471798389075968
973471847982534656
973471858350698496
973471873768935425
973471987627565057
973472076215521283
973472185586155520
973483340161585154
973483386252664832
973488511579025408
973494741865238528
973494908983152640
973494977845235713
973494995075371008
973495135567626240
973506772924280832
973506910795321344
973506986196328448
973507232573935617
973507320087961605
973514504947552256
973514633058443264
973579668942147584
973579801092005889
973579871698890752
973579960899301376
945555124226633728
945555122406416385
945555015736922112
945554993351929856
945554550320181248
945554168403566593
945553800194068480
945553786419937280
945553593016315904
945553490058858496
945553139314429952
945553030698622976
945552913572777984
945552835663380485
945552716775985152
945552604200923136
945552352550862848
945552250566467585
945552128956882946
945552046987579392
945552038418698241
945551654887284736
945551489812099073
945551488855760896
945551325613486081
945551262212177921
945550917721616384
945550452724326400
945550368989003776
939811666564300800
939813538708774912
939813744137330688
939814000996392961
939814114007887872
942349375212158982
942349454203670528
942349580636770304
942349766209372160
942349809612152833
942350177058394112
942350219638857728
942350377344679942
942350407442898944
942350417706528770
942350661378822144
942350956636893186
942351491364302854
942351587254722560
942351797066199041
942351959444430851
942352290341642240
942353179597004800
942353447667585024
942353523001430016
942355223661699073
942355406655033344
942355562196623360
942355633340407809
944900765276975104
944900884286332928
944900908999168000
944901104445173760
944901345517166592
944901851383603200
944902680782159872
944902805093015552
944904287552974848
944904325079420928
944904566285459457
944904823136313344
944904918346891264
944905109602889728
944905177596923904
944905244282036225
944905593533489152
944905808449433600
944906111769088000
944906130957971457
944906188407300096
944906231822651392
944906258317967360
944906271676944385
944906842337169408
944907407624495105
944907502822612993
944907584288432128
944908022769258496
944908255372947457
944909456101597185
944909757202120704
944909874571472897
944910112547917824
944910186526978048
944910323462623232
944915810899939328
944915911638700032
944916019587571712
944916150521090053
944916840186351616
944917285931704320
944917970899357696
944918058455334912
944918366887841794
944918656978505728
945021239197921280
945021256595800066
945021378930999299
945021617939156992
945021739142139906
945021865596194816
945022059339333632
945022070240546817
945003451653685248
945004062138826752
942200440380444672
942200460068507650
942200573633409025
942200727392456705
942200826340225024
942201016946225152
942201161247068160
942201237621084160
942201515460169728
942201571974119425
942201611241361408
942201629926936577
942201847451934720
942202025881698304
942202083800965120
942202231226433537
942203127737888768
942203289998954496
942203424585764864
942203672594911232
942203816774127616
942203855554654208
942204192248168448
942204279237967872
942204316747677696
942204544506884096
942204976536915968
942205133114392577
942205214953701378
942205326606131201
942205776143187968
942205979403390976
942206771195768832
937324537519198209
937325049136189442
937325185404989441
937325220486098944
937325264425635842
937325298953138176
937325497557676033
937325674921988096
937325712368898050
937325807155888128
937326180570664960
937326201495887872
974139268867280896
974139341701173249
974139412991881216
974146054642745344
974146500660887552
974146549969182720
974146784057528321
974147012793946112
974147191609544705
974147771631628288
974147871124570112
974147989101953024
974153757612109825
974154511404040192
974154540898508802
974154831987445760
974154999830892544
974155139274690560
974155147872882688
974160549532532737
974165350668369920
974165844262494209
974166011380248577
974166292033888256
974166472703356929
974166799234228224
974166836475392001
959162519758585856
964852258356715520
964852305559465984
964854550258765825
964855928725045248
964856289049366528
964856300680155137
964856317071503360
964856371043799042
964857693004382208
964857782217265152
964857876811603968
964859161602387969
964859505921220608
964859788151611394
964864039787618304
964864903847673862
964865736236785665
974495664049569792
974496053411028993
974496397121777665
974496504529506311
974496740891090945
974496832129703938
974496845421461505
974509291083202565
931971083724574722
931970793512296450
931970739951022084
931969773474336768
931969459639664642
931965763161817089
931955837484109824
931955581509914624
931955443345244161
931954999915147265
931954956730499073
931954798236225537
931954377211949056
931953786238648320
931953581497884672
974735879855132672
974735983521484800
974736182201454596