972843013117329408
972843033036193793
972843093966901253
972843148635529217
972843162740850689
972843376721760264
972843580095188992
972843619148288000
972843760777244672
972843762320904193
972843872761122823
972844099765092352
972844140995268608
972844419388006400
973178069224538112
973178079148310528
973178089936060422
973178091521667073
973178188540112896
973178197180215296
973178224803971072
973178242986164224
973178256630235136
973178263194365952
973178274573705217
973178320081666054
973178320371232769
973185370216124416
973185388071280640
973185403812548608
973185408040390657
973185437324992512
973185441448038400
973185519306752000
973185542895661056
973185595269787648
973185598516269056
973185626815254528
973189755830722560
973189830204116992
973189838601154560
973189861367726080
973189868154179584
973189869064384514
973189874676326400
973189898621542400
973189935028228096
973189962526089216
973189963649961990
973189984751628288
973190064107933696
973190082936168448
973243259366662144
973243269059497984
973243270913495041
973243272293441536
973243273727873025
973243301582262272
973248596912099330
973248699492192257
973248730525663233
973248741552435200
973248754626252801
973248783986319360
973248786016292864
973248943353225216
973254954457579520
973471801325051905
973471830131449857
973471836615868416
973471856417230848
973471880429453312
973471994980306944
973472005398790145
973472013707702272
973472061061586944
973472107899179009
973472109262389249
973472242825875456
973483214059769861
973483421266690048
973483434919301120
973483436919934977
973483437825904645
973483441604919296
973483446826872832
973483470734413824
973483477160034304
973483487452950528
973488465680719872
973488591383875584
973488596219977731
973488604885401601
973488608609841152
973494700647776258
973494712756854784
973494844218896384
973494919972220928
973495047659446272
973500546928791553
973500573625577472
973500590067200001
973500647046696961
973500783672033282
973506988360417280
973507023668117505
973514475851612161
973579552789168129
973579842179526658
973579968956350464
973580022215790593
973585787047444481
973585787286671361
973585836158709760
973585840118075392
973585851035865089
945553520828104704
945553071517650944
945552551809777669
939814261018320896
942349614124060672
942350262550740992
944906635293724672
944906795851636736
944907070922518529
944907605880836096
944910085083533319
944910088501956609
944910328365805568
944915772916289536
944915927346401280
945021264179146755
945021830821240832
945022103992045568
942200912411594754
942203955232288768
942204412633550850
942204594624622592
942205459574018048
942205858397736960
974146515517214720
974147825314549760
974147939168870401
974147945388896256
974148182727909376
974148183247867904
974148192810995712
974155439687561216
974166828493754369
959161818236190722
959161943012626432
959161946342854657
959161951384473600
959162145190670336
964850681210441728
964857927747108864
964862004409315330
964862001322147840
964862015490555905
974495491458306048
974496140686217216
974513684704669698
931965738683912193