931980649799356416
931980554072936450
931980523240677376
931980515934134274
931980442823200768
931980379589890050
945555181592367104
972842657465753600
972843418413084673
972843960543731713
972844445577220098
973471815686414337
973471967033675776
973472120863973377
973472128023564288
973488353965305856
973494730884505600
973494870135463936
973579687367757824
973579849762779136
973579993153527808
973580064502747141
945555120246480901
945554819867074560
945554419713576960
945554131787292672
945554017144492037
945553538788265986
945552509635923968
945551745433747456
945551513165774848
945551258856935424
945551095845199872
945551024223223808
945550845910773762
942349320292007936
942349317863436288
942350317882134528
942350359590137857
942350397511028736
942350842992189440
942350990459789313
942351724244881408
942351921649766401
942352421359058944
942352909836128256
942355394193698816
942355545394094080
942356035162873856
944900878871314433
944904953340071938
944905456174227457
944905653327409152
944905987194019840
944906239976361984
944916452662005761
944916764705488896
944917168440754176
944917277094359040
942201109594046464
942201242733776897
942201628534419458
942201761460379648
942201778917072897
942202258938359808
942202264449626112
942202470901596160
942203267521576961
942203604236152832
942204113525276674
942204380543152128
942204506690998272
942204739965595649
942204826628382720
942205151212965888
942205886252158976
942206206885576704
942206352021250049
942206391606951937
937324680209461248
937324840318619649
937326084378411008
974139443652292608
974146280720162816
974154290225872896
974165485230182400
974166909120692224
964847524665331713
974166947490336768
959161714154471424
959161939409735680
959162264501841920
959162458903646208
959162565451550721
959162788844331008
964854959132069889
964855577556934657
964858927887220736
964860709883564032
964860744893370368
964860785242521601
964861461892943872
964861741007065088
964861761303318528
964861928190328832
964862343136948224
964864899632439296
974513761921806336
931971318756663297
931969956887121920
931967398462263296
931965823173955590
931963591447732229
931963581884542976
931962604272128001
931961220927819777
931961165093261312
931954286099156999
931973977697746944
931973442710261760
986100820402896899
986101784757157888
986102165713375232
986103217866997762
986103726803857408
986103753437724672
986104303474573315
986104457736925184
986106447271530506
986327131239145473
986328028639789056
986330580362162177
987593744840044544
987594393807933440
987594496299945984
987595550491996160
987587499932336128
987588348788256768
987589035030994944
987590846202642432
988301641664393216
988302372077297664
988302546832953344
988313853128790017
988314311494955010
988490378427977729
988493195041558528
988494295039725569
988494903943618561
988105890438905856